33
NM_001400225_1_Homo_sapiens_MAX_dimerization_protein_MGA_MGA_transcript_variant_3_mRNA                            0.0000000 0.0073756 0.0082384 0.0147073 0.0200093 0.0200097 0.0233870 0.0231709 0.0229229 0.0395608 0.0378908 0.0393228 0.0390878 0.0410111 0.0404826 0.0396046 0.0457504 0.0420368 0.0388393 0.0381418 0.0393665 0.0427014 0.0398968 0.1035310 0.0755928 0.0720171 0.0758691 0.1584677 0.3129575 0.1675598 0.2038240 0.2151600 0.1836661 
XM_009428857_4_PREDICTED_Pan_troglodytes_MAX_dimerization_protein_MGA_MGA_transcript_variant_X1_mRNA              0.0073756 0.0000000 0.0033427 0.0123130 0.0175712 0.0175715 0.0226847 0.0224691 0.0222236 0.0378437 0.0361806 0.0376074 0.0373740 0.0397783 0.0387604 0.0378854 0.0437259 0.0389444 0.0362482 0.0355556 0.0367677 0.0400757 0.0381733 0.1003161 0.0746967 0.0696396 0.0736098 0.1560629 0.3047363 0.1644951 0.2025606 0.2142142 0.1800498 
XM_008951999_4_PREDICTED_Pan_paniscus_MAX_dimerization_protein_MGA_MGA_transcript_variant_X3_mRNA                 0.0082384 0.0033427 0.0000000 0.0131852 0.0180328 0.0180205 0.0231597 0.0229436 0.0226970 0.0388282 0.0376540 0.0385909 0.0383566 0.0407719 0.0397481 0.0388712 0.0443662 0.0404081 0.0369671 0.0362988 0.0377503 0.0410720 0.0386914 0.1013740 0.0750088 0.0699970 0.0739371 0.1571712 0.3092686 0.1651670 0.2034828 0.2151696 0.1814216 
XM_031007795_2_PREDICTED_Gorilla_gorilla_gorilla_MAX_dimerization_protein_MGA_MGA_transcript_variant_X1_mRNA      0.0147073 0.0123130 0.0131852 0.0000000 0.0184696 0.0188983 0.0238421 0.0236258 0.0238251 0.0391061 0.0376717 0.0391011 0.0388663 0.0410251 0.0402608 0.0386812 0.0458082 0.0399266 0.0362617 0.0365241 0.0372755 0.0405919 0.0396745 0.1014886 0.0755592 0.0699766 0.0735693 0.1564625 0.3088853 0.1658255 0.2016014 0.2125078 0.1813156 
XM_024232346_2_PREDICTED_Pongo_abelii_MAX_dimerization_protein_MGA_MGA_transcript_variant_X1_mRNA                 0.0200093 0.0175712 0.0180328 0.0184696 0.0000000 0.0014563 0.0226890 0.0220281 0.0228962 0.0359887 0.0345716 0.0357537 0.0355214 0.0376532 0.0369020 0.0360282 0.0414211 0.0374934 0.0343523 0.0341258 0.0350978 0.0381537 0.0365450 0.0981554 0.0717231 0.0671796 0.0709859 0.1548498 0.3077320 0.1623981 0.1986898 0.2109883 0.1785532 
XM_054451786_1_PREDICTED_Pongo_pygmaeus_MAX_dimerization_protein_MGA_MGA_transcript_variant_X1_mRNA               0.0200097 0.0175715 0.0180205 0.0188983 0.0014563 0.0000000 0.0224659 0.0218053 0.0226731 0.0367130 0.0352915 0.0364773 0.0362444 0.0383826 0.0376284 0.0367534 0.0423095 0.0382238 0.0355106 0.0348449 0.0358204 0.0388851 0.0372726 0.0994320 0.0727680 0.0682615 0.0720843 0.1561755 0.3067588 0.1633219 0.2001598 0.2128622 0.1795876 
XM_030814260_1_PREDICTED_Nomascus_leucogenys_MAX_dimerization_protein_MGA_MGA_transcript_variant_X1_mRNA          0.0233870 0.0226847 0.0231597 0.0238421 0.0226890 0.0224659 0.0000000 0.0056634 0.0056581 0.0378857 0.0357625 0.0371838 0.0369504 0.0383919 0.0383371 0.0376954 0.0432010 0.0396641 0.0369609 0.0353380 0.0377148 0.0403288 0.0379808 0.0995848 0.0705780 0.0678767 0.0717087 0.1571896 0.3008500 0.1636131 0.2024764 0.2130328 0.1825930 
XM_055278811_1_PREDICTED_Symphalangus_syndactylus_MAX_dimerization_protein_MGA_MGA_transcript_variant_X1_mRNA     0.0231709 0.0224691 0.0229436 0.0236258 0.0220281 0.0218053 0.0056634 0.0000000 0.0054483 0.0372016 0.0350818 0.0365006 0.0362676 0.0377063 0.0376526 0.0370107 0.0426543 0.0389751 0.0362779 0.0346572 0.0370298 0.0396396 0.0372948 0.0999287 0.0708664 0.0676457 0.0720138 0.1554837 0.3018134 0.1624212 0.2028268 0.2124363 0.1808557 
XM_032175320_2_PREDICTED_Hylobates_moloch_MAX_dimerization_protein_MGA_MGA_transcript_variant_X1_mRNA             0.0229229 0.0222236 0.0226970 0.0238251 0.0228962 0.0226731 0.0056581 0.0054483 0.0000000 0.0380913 0.0359683 0.0373895 0.0366917 0.0385975 0.0385424 0.0379012 0.0431616 0.0389320 0.0367021 0.0350815 0.0374547 0.0395958 0.0381869 0.0991984 0.0707791 0.0670490 0.0710984 0.1563672 0.2974742 0.1623213 0.2021118 0.2120436 0.1830627 
XM_025390742_1_PREDICTED_Theropithecus_gelada_MGA_MAX_dimerization_protein_MGA_transcript_variant_X1_mRNA         0.0395608 0.0378437 0.0388282 0.0391061 0.0359887 0.0367130 0.0378857 0.0372016 0.0380913 0.0000000 0.0048120 0.0086305 0.0084173 0.0105707 0.0096946 0.0079948 0.0124431 0.0182585 0.0162278 0.0151388 0.0160321 0.0202256 0.0131834 0.1082167 0.0811730 0.0769931 0.0814567 0.1676609 0.3365799 0.1767600 0.2112722 0.2233098 0.1892650 
XM_021940444_2_PREDICTED_Papio_anubis_MAX_dimerization_protein_MGA_MGA_transcript_variant_X1_mRNA                 0.0378908 0.0361806 0.0376540 0.0376717 0.0345716 0.0352915 0.0357625 0.0350818 0.0359683 0.0048120 0.0000000 0.0079907 0.0077779 0.0090647 0.0090529 0.0073560 0.0106286 0.0178044 0.0153437 0.0146924 0.0155833 0.0188861 0.0125322 0.1075745 0.0795032 0.0756106 0.0799775 0.1664698 0.3339613 0.1761610 0.2099339 0.2214855 0.1877644 
XM_015141992_2_PREDICTED_Macaca_mulatta_MAX_dimerization_protein_MGA_MGA_transcript_variant_X1_mRNA               0.0393228 0.0376074 0.0385909 0.0391011 0.0357537 0.0364773 0.0371838 0.0365006 0.0373895 0.0086305 0.0079907 0.0000000 0.0006207 0.0039678 0.0043833 0.0082078 0.0121939 0.0180367 0.0160081 0.0149199 0.0158123 0.0200027 0.0125328 0.1082055 0.0817003 0.0775141 0.0817355 0.1679746 0.3349378 0.1782475 0.2130521 0.2261364 0.1892439 
XM_045397180_1_PREDICTED_Macaca_fascicularis_MAX_dimerization_protein_MGA_MGA_transcript_variant_X1_mRNA          0.0390878 0.0373740 0.0383566 0.0388663 0.0355214 0.0362444 0.0369504 0.0362676 0.0366917 0.0084173 0.0077779 0.0006207 0.0000000 0.0037578 0.0041732 0.0079948 0.0119353 0.0173766 0.0153538 0.0142675 0.0151574 0.0193397 0.0123164 0.1079023 0.0814330 0.0772502 0.0814541 0.1676408 0.3329289 0.1778730 0.2126877 0.2257641 0.1888865 
XM_011758612_2_PREDICTED_Macaca_nemestrina_MGA_MAX_dimerization_protein_MGA_transcript_variant_X1_mRNA            0.0410111 0.0397783 0.0407719 0.0410251 0.0376532 0.0383826 0.0383919 0.0377063 0.0385975 0.0105707 0.0090647 0.0039678 0.0037578 0.0000000 0.0062928 0.0101522 0.0140245 0.0198233 0.0177769 0.0166825 0.0175824 0.0217990 0.0145079 0.1111726 0.0836705 0.0797201 0.0840941 0.1692440 0.3349819 0.1808123 0.2159743 0.2284107 0.1915056 
XM_050799312_1_PREDICTED_Macaca_thibetana_thibetana_MAX_dimerization_protein_MGA_MGA_transcript_variant_X1_mRNA   0.0404826 0.0387604 0.0397481 0.0402608 0.0369020 0.0376284 0.0383371 0.0376526 0.0385424 0.0096946 0.0090529 0.0043833 0.0041732 0.0062928 0.0000000 0.0092712 0.0134836 0.0186925 0.0170960 0.0160050 0.0169012 0.0211036 0.0136113 0.1096668 0.0830002 0.0787995 0.0828212 0.1686966 0.3379467 0.1790376 0.2154622 0.2278581 0.1903182 
XM_012034853_1_PREDICTED_Cercocebus_atys_MGA_MAX_dimerization_protein_MGA_transcript_variant_X1_mRNA              0.0396046 0.0378854 0.0388712 0.0386812 0.0360282 0.0367534 0.0376954 0.0370107 0.0379012 0.0079948 0.0073560 0.0082078 0.0079948 0.0101522 0.0092712 0.0000000 0.0096156 0.0187196 0.0166827 0.0155913 0.0164872 0.0206908 0.0131970 0.1088662 0.0820784 0.0778818 0.0818517 0.1676110 0.3398662 0.1771066 0.2134590 0.2243835 0.1887680 
XM_011989336_1_PREDICTED_Mandrillus_leucophaeus_MGA_MAX_dimerization_protein_MGA_mRNA                             0.0457504 0.0437259 0.0443662 0.0458082 0.0414211 0.0423095 0.0432010 0.0426543 0.0431616 0.0124431 0.0106286 0.0121939 0.0119353 0.0140245 0.0134836 0.0096156 0.0000000 0.0231089 0.0208876 0.0195636 0.0211892 0.0254985 0.0180074 0.1130890 0.0972368 0.0918844 0.0970448 0.1998118 0.5567632 0.2026274 0.2585588 0.2701446 0.2137562 
XM_023198369_1_PREDICTED_Piliocolobus_tephrosceles_MAX_dimerization_protein_MGA_MGA_transcript_variant_X1_mRNA    0.0420368 0.0389444 0.0404081 0.0399266 0.0374934 0.0382238 0.0396641 0.0389751 0.0389320 0.0182585 0.0178044 0.0180367 0.0173766 0.0198233 0.0186925 0.0187196 0.0231089 0.0000000 0.0112320 0.0101581 0.0112479 0.0116800 0.0191815 0.1127475 0.0847134 0.0801560 0.0851338 0.1676785 0.3415860 0.1806966 0.2155554 0.2293917 0.1932848 
XM_030921180_1_PREDICTED_Rhinopithecus_roxellana_MAX_dimerization_protein_MGA_MGA_transcript_variant_X1_mRNA      0.0388393 0.0362482 0.0369671 0.0362617 0.0343523 0.0355106 0.0369609 0.0362779 0.0367021 0.0162278 0.0153437 0.0160081 0.0153538 0.0177769 0.0170960 0.0166827 0.0208876 0.0112320 0.0000000 0.0022898 0.0073527 0.0122976 0.0175774 0.1077029 0.0805830 0.0756398 0.0791216 0.1648985 0.3286621 0.1770071 0.2095657 0.2221690 0.1874506 
XM_017895420_1_PREDICTED_Rhinopithecus_bieti_MGA_MAX_dimerization_protein_MGA_transcript_variant_X1_mRNA          0.0381418 0.0355556 0.0362988 0.0365241 0.0341258 0.0348449 0.0353380 0.0346572 0.0350815 0.0151388 0.0146924 0.0149199 0.0142675 0.0166825 0.0160050 0.0155913 0.0195636 0.0101581 0.0022898 0.0000000 0.0062936 0.0116520 0.0164823 0.1059186 0.0793350 0.0743482 0.0783704 0.1637557 0.3237191 0.1748317 0.2083730 0.2216876 0.1878175 
XM_033190487_1_PREDICTED_Trachypithecus_francoisi_MAX_dimerization_protein_MGA_MGA_transcript_variant_X1_mRNA     0.0393665 0.0367677 0.0377503 0.0372755 0.0350978 0.0358204 0.0377148 0.0370298 0.0374547 0.0160321 0.0155833 0.0158123 0.0151574 0.0175824 0.0169012 0.0164872 0.0211892 0.0112479 0.0073527 0.0062936 0.0000000 0.0129632 0.0178222 0.1091239 0.0821144 0.0770790 0.0812836 0.1663533 0.3320666 0.1777855 0.2120173 0.2250669 0.1892383 
XM_011961043_1_PREDICTED_Colobus_angolensis_palliatus_MGA_MAX_dimerization_protein_MGA_transcript_variant_X1_mRNA 0.0427014 0.0400757 0.0410720 0.0405919 0.0381537 0.0388851 0.0403288 0.0396396 0.0395958 0.0202256 0.0188861 0.0200027 0.0193397 0.0217990 0.0211036 0.0206908 0.0254985 0.0116800 0.0122976 0.0116520 0.0129632 0.0000000 0.0216013 0.1129066 0.0848786 0.0802566 0.0855507 0.1697644 0.3433212 0.1827750 0.2173393 0.2290683 0.1944370 
XM_008016968_2_PREDICTED_Chlorocebus_sabaeus_MAX_dimerization_protein_MGA_MGA_transcript_variant_X1_mRNA          0.0398968 0.0381733 0.0386914 0.0396745 0.0365450 0.0372726 0.0379808 0.0372948 0.0381869 0.0131834 0.0125322 0.0125328 0.0123164 0.0145079 0.0136113 0.0131970 0.0180074 0.0191815 0.0175774 0.0164823 0.0178222 0.0216013 0.0000000 0.1097897 0.0824765 0.0782686 0.0831156 0.1702589 0.3381282 0.1789581 0.2146091 0.2274206 0.1899640 
XM_021668798_1_PREDICTED_Aotus_nancymaae_MGA_MAX_dimerization_protein_MGA_mRNA                                    0.1035310 0.1003161 0.1013740 0.1014886 0.0981554 0.0994320 0.0995848 0.0999287 0.0991984 0.1082167 0.1075745 0.1082055 0.1079023 0.1111726 0.1096668 0.1088662 0.1130890 0.1127475 0.1077029 0.1059186 0.1091239 0.1129066 0.1097897 0.0000000 0.0541412 0.0496124 0.0534695 0.2350120 0.3607541 0.2197731 0.2897270 0.3023832 0.2291086 
XM_035259730_2_PREDICTED_Callithrix_jacchus_MAX_dimerization_protein_MGA_MGA_transcript_variant_X1_mRNA           0.0755928 0.0746967 0.0750088 0.0755592 0.0717231 0.0727680 0.0705780 0.0708664 0.0707791 0.0811730 0.0795032 0.0817003 0.0814330 0.0836705 0.0830002 0.0820784 0.0972368 0.0847134 0.0805830 0.0793350 0.0821144 0.0848786 0.0824765 0.0541412 0.0000000 0.0289850 0.0313018 0.1894569 0.3675581 0.1988333 0.2347125 0.2462115 0.2131913 
XM_032251206_1_PREDICTED_Sapajus_apella_MAX_dimerization_protein_MGA_MGA_transcript_variant_X1_mRNA               0.0720171 0.0696396 0.0699970 0.0699766 0.0671796 0.0682615 0.0678767 0.0676457 0.0670490 0.0769931 0.0756106 0.0775141 0.0772502 0.0797201 0.0787995 0.0778818 0.0918844 0.0801560 0.0756398 0.0743482 0.0770790 0.0802566 0.0782686 0.0496124 0.0289850 0.0000000 0.0073390 0.1801341 0.3528694 0.1883081 0.2250906 0.2374887 0.2031708 
XM_037739443_1_PREDICTED_Cebus_imitator_MAX_dimerization_protein_MGA_MGA_transcript_variant_X1_mRNA               0.0758691 0.0736098 0.0739371 0.0735693 0.0709859 0.0720843 0.0717087 0.0720138 0.0710984 0.0814567 0.0799775 0.0817355 0.0814541 0.0840941 0.0828212 0.0818517 0.0970448 0.0851338 0.0791216 0.0783704 0.0812836 0.0855507 0.0831156 0.0534695 0.0313018 0.0073390 0.0000000 0.1903480 0.4104841 0.2005477 0.2372730 0.2504788 0.2171895 
XM_045538785_1_PREDICTED_Lemur_catta_MAX_dimerization_protein_MGA_MGA_transcript_variant_X1_mRNA                  0.1584677 0.1560629 0.1571712 0.1564625 0.1548498 0.1561755 0.1571896 0.1554837 0.1563672 0.1676609 0.1664698 0.1679746 0.1676408 0.1692440 0.1686966 0.1676110 0.1998118 0.1676785 0.1648985 0.1637557 0.1663533 0.1697644 0.1702589 0.2350120 0.1894569 0.1801341 0.1903480 0.0000000 0.1008140 0.0579093 0.1372244 0.1476033 0.1966152 
XM_012766487_2_PREDICTED_Microcebus_murinus_MGA_MAX_dimerization_protein_MGA_transcript_variant_X1_mRNA           0.3129575 0.3047363 0.3092686 0.3088853 0.3077320 0.3067588 0.3008500 0.3018134 0.2974742 0.3365799 0.3339613 0.3349378 0.3329289 0.3349819 0.3379467 0.3398662 0.5567632 0.3415860 0.3286621 0.3237191 0.3320666 0.3433212 0.3381282 0.3607541 0.3675581 0.3528694 0.4104841 0.1008140 0.0000000 0.0984271 0.2567407 0.2773285 0.3647222 
XM_012649125_1_PREDICTED_Propithecus_coquereli_MGA_MAX_dimerization_protein_MGA_mRNA                              0.1675598 0.1644951 0.1651670 0.1658255 0.1623981 0.1633219 0.1636131 0.1624212 0.1623213 0.1767600 0.1761610 0.1782475 0.1778730 0.1808123 0.1790376 0.1771066 0.2026274 0.1806966 0.1770071 0.1748317 0.1777855 0.1827750 0.1789581 0.2197731 0.1988333 0.1883081 0.2005477 0.0579093 0.0984271 0.0000000 0.1439651 0.1563936 0.2003425 
XM_023514264_1_PREDICTED_Otolemur_garnettii_MGA_MAX_dimerization_protein_MGA_transcript_variant_X1_mRNA           0.2038240 0.2025606 0.2034828 0.2016014 0.1986898 0.2001598 0.2024764 0.2028268 0.2021118 0.2112722 0.2099339 0.2130521 0.2126877 0.2159743 0.2154622 0.2134590 0.2585588 0.2155554 0.2095657 0.2083730 0.2120173 0.2173393 0.2146091 0.2897270 0.2347125 0.2250906 0.2372730 0.1372244 0.2567407 0.1439651 0.0000000 0.0535196 0.2451161 
XM_053593491_1_PREDICTED_Nycticebus_coucang_MAX_dimerization_protein_MGA_MGA_transcript_variant_X1_mRNA           0.2151600 0.2142142 0.2151696 0.2125078 0.2109883 0.2128622 0.2130328 0.2124363 0.2120436 0.2233098 0.2214855 0.2261364 0.2257641 0.2284107 0.2278581 0.2243835 0.2701446 0.2293917 0.2221690 0.2216876 0.2250669 0.2290683 0.2274206 0.3023832 0.2462115 0.2374887 0.2504788 0.1476033 0.2773285 0.1563936 0.0535196 0.0000000 0.2592126 
XM_008048426_2_PREDICTED_Carlito_syrichta_MGA_MAX_dimerization_protein_MGA_transcript_variant_X1_mRNA             0.1836661 0.1800498 0.1814216 0.1813156 0.1785532 0.1795876 0.1825930 0.1808557 0.1830627 0.1892650 0.1877644 0.1892439 0.1888865 0.1915056 0.1903182 0.1887680 0.2137562 0.1932848 0.1874506 0.1878175 0.1892383 0.1944370 0.1899640 0.2291086 0.2131913 0.2031708 0.2171895 0.1966152 0.3647222 0.2003425 0.2451161 0.2592126 0.0000000 
